301313 凡拓数创 日线 不复权
      日期	    开盘	    最高	    最低	    收盘	    成交量	    成交额
2024/09/05	18.33	19.05	18.20	18.95	3635879	68147632.00
2024/09/06	19.03	19.68	18.41	18.57	3953270	74857832.00
2024/09/09	18.07	18.48	17.93	18.13	2749906	49872952.00
2024/09/10	18.26	18.47	17.72	18.30	2208547	39961120.00
2024/09/11	18.12	18.39	17.97	18.06	1514877	27484718.00
2024/09/12	18.10	18.34	17.90	17.92	1589000	28874408.00
2024/09/13	17.99	18.06	17.65	17.68	1390347	24767052.00
2024/09/18	17.94	18.00	17.41	17.64	1434360	25278152.00
2024/09/19	17.71	18.13	17.63	18.03	1919200	34436648.00
2024/09/20	18.00	18.19	17.84	17.97	1661408	29968178.00
2024/09/23	17.98	18.13	17.73	17.87	1321678	23726232.00
2024/09/24	17.91	18.48	17.80	18.37	2618200	47639388.00
2024/09/25	18.53	19.10	18.45	18.60	4717100	88363056.00
2024/09/26	18.45	18.90	18.44	18.85	3923440	73322248.00
2024/09/27	19.05	20.49	19.05	20.01	6459251	127539688.00
2024/09/30	20.99	23.35	20.66	23.19	9647379	212218144.00
2024/10/08	27.20	27.50	23.60	26.49	11919069	305811264.00
2024/10/09	24.57	25.29	22.39	22.50	8448114	201417024.00
2024/10/10	23.01	23.65	22.58	22.60	4643038	107053080.00
2024/10/11	22.52	22.84	20.83	21.52	5206431	111916064.00
2024/10/14	21.47	22.24	20.94	22.22	4172764	90358976.00
2024/10/15	21.98	22.80	21.69	21.70	4048992	90047808.00
2024/10/16	21.37	22.23	21.20	21.74	2975737	64971668.00
2024/10/17	22.04	22.79	21.93	22.24	4745159	106296688.00
2024/10/18	22.36	23.33	21.83	22.97	5693900	128833696.00
2024/10/21	23.17	23.78	22.90	23.69	5851371	136927328.00
2024/10/22	23.69	24.32	23.24	23.46	6501011	154793840.00
2024/10/23	23.25	23.59	22.78	22.94	5088854	118129408.00
2024/10/24	22.90	22.97	22.42	22.73	3185795	72202032.00
2024/10/25	22.90	23.19	22.65	23.11	3602594	82642416.00
2024/10/28	23.03	23.60	22.86	23.59	3385017	78985760.00
2024/10/29	23.72	23.82	22.58	22.69	4096761	94127904.00
2024/10/30	22.37	22.48	21.42	21.79	5327803	116790600.00
2024/10/31	21.70	22.08	21.32	21.88	4086066	88817480.00
2024/11/01	21.85	21.87	20.29	20.37	5328768	110198488.00
2024/11/04	20.48	20.74	20.14	20.68	3064355	62874132.00
2024/11/05	20.70	21.49	20.69	21.45	4071496	86180248.00
2024/11/06	21.46	22.50	21.45	21.68	5104895	112351552.00
2024/11/07	21.48	22.18	21.23	22.18	3953804	86128184.00
2024/11/08	22.34	22.85	22.11	22.20	5513766	123842912.00
2024/11/11	22.21	23.56	22.21	23.37	6764808	155817008.00
2024/11/12	23.47	23.80	22.55	22.82	5648766	130948912.00
2024/11/13	22.72	23.65	22.60	23.38	5196027	120652736.00
2024/11/14	23.30	24.00	22.61	22.66	5972658	139582704.00
2024/11/15	22.60	23.80	22.60	22.74	8104958	189271440.00
2024/11/18	23.10	23.40	21.05	21.30	6407100	138381904.00
2024/11/19	21.30	21.99	21.05	21.99	4936724	106302512.00
2024/11/20	21.95	23.13	21.54	22.95	4949457	111941048.00
2024/11/21	22.89	23.30	22.60	22.93	4473716	102777584.00
2024/11/22	22.85	23.58	22.21	22.24	5999035	138612112.00
2024/11/25	22.50	23.38	21.69	23.35	6740500	152009008.00
2024/11/26	23.12	25.00	22.76	24.49	17924996	434849536.00
2024/11/27	23.69	25.85	22.84	25.68	17504756	427837824.00
2024/11/28	26.88	27.50	24.41	24.56	18743604	486545216.00
2024/11/29	24.16	26.20	23.87	25.43	13442573	338922400.00
2024/12/02	25.13	25.85	24.72	25.32	11999592	301947776.00
2024/12/03	25.00	30.38	24.24	29.82	34915648	1004355328.00
2024/12/04	27.74	27.74	25.89	25.91	27701324	742966272.00
2024/12/05	26.00	27.64	25.80	26.59	19058444	508921952.00
2024/12/06	26.49	28.49	26.00	27.85	20869816	570775168.00
2024/12/09	28.15	28.90	26.70	27.86	16451795	458431296.00
2024/12/10	28.00	29.10	27.32	27.42	16220259	455116192.00
2024/12/11	26.98	27.66	26.58	27.41	8626785	234260096.00
2024/12/12	27.50	27.99	26.63	26.70	9463441	256844096.00
2024/12/13	26.38	29.29	26.05	27.67	20981752	590300096.00
2024/12/16	28.70	28.76	26.80	27.29	14766746	409368320.00
2024/12/17	26.90	26.90	24.60	25.15	11042882	281092832.00
2024/12/18	24.60	26.40	23.91	25.35	8921016	224694768.00
2024/12/19	24.84	25.68	24.40	25.44	7739408	194062816.00
2024/12/20	25.15	26.98	25.15	26.26	11097071	292617856.00
2024/12/23	26.01	26.26	23.31	23.48	10551801	256581232.00
2024/12/24	23.64	24.20	22.86	23.33	5497208	127721064.00
2024/12/25	23.12	23.15	21.83	22.26	5725200	127518640.00
2024/12/26	22.40	23.07	22.40	22.71	3747000	85310792.00
2024/12/27	22.80	25.25	22.45	23.74	10394213	248423088.00
2024/12/30	23.74	24.62	22.55	24.14	9029047	213562368.00
2024/12/31	23.99	28.28	23.99	25.88	18569760	478040384.00
2025/01/02	25.74	27.77	25.40	26.83	17304688	461333856.00
2025/01/03	26.62	27.43	24.50	24.56	11094302	282607872.00
2025/01/06	24.40	24.59	23.02	23.57	7376207	174052896.00
2025/01/07	23.57	24.70	23.00	24.65	7776772	185604656.00
2025/01/08	24.17	24.43	23.45	24.15	5858200	140296208.00
2025/01/09	23.99	25.30	23.31	24.78	9680907	235730000.00
2025/01/10	24.50	25.90	24.17	25.22	12054007	304814432.00
2025/01/13	24.37	24.63	23.31	23.98	6850718	163547632.00
2025/01/14	25.10	25.88	24.70	25.88	9605170	243069776.00
2025/01/15	26.18	26.44	24.79	25.15	8573100	218640176.00
2025/01/16	25.08	26.13	25.01	25.72	8399831	215170880.00
2025/01/17	25.60	25.65	24.13	24.16	7615700	188109936.00
2025/01/20	24.28	24.47	23.56	24.38	4962449	119346096.00
2025/01/21	24.48	24.80	23.56	24.34	4810882	115908112.00
2025/01/22	24.46	24.46	23.12	23.12	4625400	109251912.00
2025/01/23	23.37	23.80	23.03	23.11	3405200	79941088.00
2025/01/24	23.10	24.27	22.78	24.24	5579666	132780272.00
2025/01/27	24.49	25.04	24.12	24.24	6101664	150137792.00
2025/02/05	25.20	25.97	24.79	25.28	7909864	200460368.00
2025/02/06	25.34	26.00	25.18	25.94	7003966	179938528.00
2025/02/07	26.01	26.75	25.68	26.16	9679717	252925424.00
2025/02/10	26.20	26.76	25.87	26.49	13235860	348852096.00
2025/02/11	26.20	29.78	25.55	27.40	20241104	560730880.00
2025/02/12	26.91	27.71	26.59	26.95	13115453	355502272.00
2025/02/13	27.00	27.00	26.00	26.49	9397677	248700304.00
2025/02/14	26.45	28.10	26.07	27.48	16186200	443248512.00
2025/02/17	29.79	30.88	28.50	29.08	22051134	645883264.00
2025/02/18	28.56	28.78	26.41	26.56	13967205	383875712.00
2025/02/19	26.56	27.20	26.15	27.08	8868500	238479408.00
2025/02/20	27.00	27.46	26.50	26.87	7725018	207938592.00
2025/02/21	26.89	27.58	26.75	27.28	9436210	257171360.00
2025/02/24	27.05	27.23	26.51	26.87	7006150	188018944.00
2025/02/25	26.27	26.74	25.96	26.30	5572250	146531680.00
2025/02/26	26.45	26.66	26.06	26.33	5059730	132825936.00
2025/02/27	26.33	26.48	24.77	25.30	7408700	188299264.00
2025/02/28	25.12	25.14	23.80	23.85	6275400	153107232.00
2025/03/03	23.88	24.53	23.65	24.08	3619100	87454080.00
2025/03/04	23.85	24.65	23.80	24.62	3044370	74107424.00
2025/03/05	24.48	24.73	24.18	24.62	2695000	65798464.00
2025/03/06	24.67	25.80	24.66	25.53	5547900	140903520.00
2025/03/07	25.52	25.58	24.62	24.85	4394100	110280464.00
2025/03/10	24.80	25.13	24.47	24.74	2213300	54552796.00
2025/03/11	24.29	25.71	24.00	25.23	4622331	116026912.00
2025/03/12	25.39	25.49	25.01	25.09	3513411	88552792.00
2025/03/13	24.88	24.98	24.06	24.45	3151247	76982000.00
2025/03/14	24.35	24.96	24.12	24.82	2771021	68230080.00
2025/03/17	24.78	25.24	24.58	24.69	2446161	60529516.00
2025/03/18	24.63	25.10	24.43	24.77	3429500	84907064.00
2025/03/19	24.50	25.12	24.27	24.86	4637470	114274544.00
2025/03/20	24.65	24.84	24.18	24.20	3557085	87091736.00
2025/03/21	24.12	24.15	23.54	23.64	2855500	67957320.00
2025/03/24	24.07	24.27	22.84	23.66	3638521	85628368.00
2025/03/25	23.68	24.15	23.30	23.36	2395800	56481196.00
2025/03/26	23.24	23.53	23.00	23.30	1514400	35429104.00
2025/03/27	23.36	23.64	23.02	23.46	1955985	45744996.00
2025/03/28	23.48	24.07	23.40	23.66	2702600	64347348.00
2025/03/31	22.98	23.30	22.70	23.08	2411600	55433608.00
2025/04/01	23.07	23.75	23.07	23.36	1727200	40404684.00
2025/04/02	23.27	23.75	23.20	23.41	1441380	33950596.00
2025/04/03	23.03	23.71	23.00	23.26	1569660	36548492.00
2025/04/07	21.31	21.99	18.61	18.61	4329300	86307568.00
2025/04/08	18.72	20.10	18.72	19.21	3240854	62892896.00
2025/04/09	18.85	19.95	17.55	19.81	3479000	66129972.00
2025/04/10	20.16	21.06	20.16	20.52	2978385	61567832.00
2025/04/11	20.45	20.70	20.23	20.40	1881800	38531208.00
2025/04/14	20.80	20.96	20.55	20.73	1626100	33839776.00
2025/04/15	20.72	22.28	20.72	20.90	3433800	73057984.00
2025/04/16	20.79	20.95	20.07	20.27	3018885	61861868.00
2025/04/17	20.10	20.62	19.95	20.30	2024885	41365664.00
2025/04/18	20.40	20.51	20.05	20.30	1449300	29421082.00
2025/04/21	20.29	20.76	20.08	20.64	1741050	35849492.00
2025/04/22	20.68	20.88	20.27	20.60	1977050	40605328.00
2025/04/23	20.72	20.97	20.63	20.69	1820000	37795416.00
2025/04/24	20.72	20.87	20.19	20.27	2049385	41925356.00
2025/04/25	20.50	20.89	20.40	20.57	2419700	49978708.00
2025/04/28	20.67	20.96	20.37	20.54	1812700	37386504.00
2025/04/29	20.53	21.22	20.38	21.21	2487000	52192988.00
2025/04/30	21.21	21.74	21.00	21.61	1938846	41840280.00
2025/05/06	21.85	22.33	21.62	22.31	2319546	51236636.00
2025/05/07	22.58	22.74	21.96	22.20	2225300	49675108.00
2025/05/08	22.20	22.56	22.06	22.50	1835400	41092736.00
2025/05/09	22.40	22.58	22.00	22.16	1740600	38690384.00
2025/05/12	22.49	22.70	22.37	22.45	2018100	45437184.00
2025/05/13	22.60	22.79	22.31	22.42	2053600	46276672.00
2025/05/14	22.33	22.53	22.02	22.28	1967200	43859740.00
2025/05/15	22.25	22.47	22.03	22.06	1484400	32881484.00
2025/05/16	21.92	22.37	21.88	22.22	1480900	32877344.00
2025/05/19	22.22	22.78	22.20	22.68	2218100	50029144.00
2025/05/20	22.74	22.99	22.40	22.93	2227900	50712260.00
2025/05/21	22.83	22.97	22.55	22.68	1776900	40329936.00
2025/05/22	22.53	22.90	22.18	22.35	1826270	41115112.00
2025/05/23	22.38	22.70	21.94	21.94	2427100	54131656.00
2025/05/26	21.92	22.43	21.91	22.40	1493500	33243564.00
2025/05/27	22.39	22.65	22.20	22.28	1513400	33860772.00
2025/05/28	22.28	22.57	22.05	22.25	1858300	41381232.00
2025/05/29	22.28	22.68	22.28	22.65	2073517	46787344.00
2025/05/30	22.53	22.74	22.15	22.15	1573200	35190992.00
2025/06/03	22.22	22.63	22.10	22.36	1788400	40113516.00
2025/06/04	22.49	22.72	22.35	22.61	1448238	32749250.00
2025/06/05	22.50	22.94	22.50	22.86	2362400	53840796.00
2025/06/06	22.92	23.34	22.80	23.10	2778517	63999800.00
2025/06/09	23.23	23.26	22.97	23.15	2320100	53668224.00
2025/06/10	23.27	23.27	22.35	22.79	2090600	47813472.00
2025/06/11	23.20	23.40	22.59	22.89	2176300	50136136.00
2025/06/12	22.81	23.54	22.73	23.40	3960400	92249280.00
2025/06/13	23.30	23.37	22.31	22.68	3371200	76891760.00
2025/06/16	22.48	26.80	22.41	25.10	16253282	405047872.00
2025/06/17	24.51	25.20	24.31	24.78	11812133	291184288.00
2025/06/18	24.54	24.67	24.12	24.38	6213658	151166096.00
2025/06/19	24.40	24.66	23.36	23.45	5704000	136083680.00
2025/06/20	23.40	23.53	22.70	22.96	4779900	110306184.00
2025/06/23	22.96	23.48	22.52	23.40	3870809	90143176.00
2025/06/24	23.40	24.03	23.40	24.00	3773000	89931672.00
2025/06/25	24.00	24.09	23.72	24.06	3667900	87788120.00
2025/06/26	24.11	24.63	23.86	24.06	5817500	140928560.00
2025/06/27	24.07	24.43	23.88	24.12	3442000	83023576.00
2025/06/30	24.15	24.50	24.10	24.30	3648800	88613096.00
2025/07/01	24.30	24.36	23.72	24.00	3288200	78998488.00
2025/07/02	24.13	24.13	23.73	23.93	2538100	60567036.00
2025/07/03	24.05	24.58	24.05	24.47	4510600	109970040.00
2025/07/04	24.34	24.45	23.87	23.97	3174400	76439296.00
2025/07/07	23.89	24.32	23.81	24.28	2827200	68426624.00
2025/07/08	24.25	24.53	24.07	24.49	3088200	75315736.00
2025/07/09	24.55	24.99	24.46	24.57	4081300	100709024.00
2025/07/10	24.63	24.86	24.40	24.54	2988800	73568056.00
2025/07/11	24.51	24.89	24.31	24.77	3427247	84449240.00
2025/07/14	24.88	24.89	24.43	24.84	2548047	62835576.00
2025/07/15	24.70	25.40	24.40	25.07	5343947	132951120.00
2025/07/16	25.43	26.22	24.88	25.01	6719800	170428576.00
2025/07/17	25.00	26.58	24.68	25.93	10819811	278883360.00
2025/07/18	26.31	26.78	25.71	25.71	9548121	249366432.00
2025/07/21	25.44	25.81	25.27	25.57	5119400	130851848.00
2025/07/22	25.59	25.77	25.20	25.30	4487365	114201488.00
2025/07/23	25.29	25.39	24.90	25.08	3632777	90977576.00
2025/07/24	24.85	25.30	24.50	25.11	2983864	74823192.00
2025/07/25	25.15	25.71	25.04	25.56	3831165	97390392.00
2025/07/28	25.55	25.67	25.30	25.58	3122944	79699088.00
2025/07/29	25.51	25.61	25.18	25.60	3066300	77845832.00
2025/07/30	25.59	25.96	25.40	25.68	3548300	91172096.00
2025/07/31	25.62	26.18	25.57	25.82	4444567	115162272.00
2025/08/01	25.97	26.39	25.81	26.39	5660647	147999520.00
2025/08/04	26.21	26.66	25.89	26.66	4864101	128384032.00
2025/08/05	26.54	26.82	26.44	26.82	4168100	110961208.00
2025/08/06	26.81	27.73	26.66	27.49	8641551	236510096.00
2025/08/07	27.73	28.70	27.00	28.49	11762073	326647200.00
2025/08/08	27.81	27.98	26.62	27.18	10871944	295554496.00
2025/08/11	27.33	27.48	26.85	27.29	5396747	146605120.00
2025/08/12	27.30	27.30	26.79	26.97	4449801	119996840.00
2025/08/13	27.02	27.25	26.60	26.84	3691457	99178032.00
2025/08/14	26.83	26.95	26.16	26.44	3660291	97158336.00
2025/08/15	26.60	26.95	26.38	26.90	3141496	83932408.00
2025/08/18	27.30	27.46	26.93	26.98	4982370	135508672.00
2025/08/19	27.04	27.13	26.61	26.95	3898513	104774824.00
2025/08/20	26.93	27.08	26.65	26.98	2834398	76238272.00
2025/08/21	27.21	27.37	26.90	27.08	3718109	101042832.00
2025/08/22	26.98	27.35	26.90	27.32	3907400	105937800.00
2025/08/25	27.47	28.14	27.18	27.54	5996953	165950000.00
2025/08/26	27.46	28.47	27.18	28.11	5684135	159021184.00
2025/08/27	28.12	28.30	26.90	26.90	5686176	157987584.00
2025/08/28	26.82	27.40	25.90	27.13	5758566	153338112.00
2025/08/29	27.50	27.50	26.65	26.74	3181947	85608360.00
2025/09/01	26.95	28.25	26.65	26.97	5660395	154295696.00
2025/09/02	26.58	26.72	25.80	26.26	4982250	130328792.00
2025/09/03	26.58	26.58	25.56	25.58	3201000	83129480.00
2025/09/04	25.80	26.13	24.98	25.32	2971700	76478648.00
2025/09/05	25.45	25.87	25.01	25.86	2214147	56629584.00
2025/09/08	25.85	26.15	25.60	26.08	2312810	59986156.00
2025/09/09	26.08	26.20	25.79	25.94	2054446	53354436.00
2025/09/10	26.00	26.52	25.87	26.30	1990924	52292532.00
2025/09/11	26.31	26.48	25.76	26.46	2055200	53732624.00
2025/09/12	26.60	26.69	25.93	25.95	1888800	49530632.00
2025/09/15	25.94	25.95	25.65	25.79	1514800	39071760.00
2025/09/16	25.80	26.03	25.70	25.94	1515500	39236400.00
2025/09/17	25.94	27.57	25.70	26.65	5729052	153311152.00
2025/09/18	26.39	26.43	25.41	25.52	5530321	143213376.00
2025/09/19	25.70	25.77	24.72	24.92	2791178	70063576.00
2025/09/22	24.84	25.16	24.69	24.84	1766240	43975360.00
2025/09/23	24.85	24.99	23.50	24.50	2947940	71234376.00
2025/09/24	24.58	25.46	24.32	25.34	2535572	63222668.00
2025/09/25	25.21	25.89	25.15	25.31	2636284	67341832.00
2025/09/26	25.02	25.42	24.88	25.05	1681480	42292204.00
2025/09/29	25.06	25.35	24.57	25.11	2132947	53537428.00
2025/09/30	25.12	25.55	25.12	25.36	1861304	47161460.00
2025/10/09	25.29	25.45	24.89	24.91	2106500	53018492.00
2025/10/10	24.88	25.15	24.60	24.70	1787404	44396392.00
2025/10/13	23.96	24.84	23.50	24.40	2271000	55343936.00
2025/10/14	24.53	24.92	24.06	24.20	1662000	40719652.00
2025/10/15	24.20	24.92	24.19	24.47	1847388	45308848.00
2025/10/16	24.46	24.46	24.06	24.15	1302400	31560752.00
2025/10/17	24.28	24.29	23.64	23.66	1430400	34224480.00
2025/10/20	23.95	24.35	23.90	24.24	1377400	33302554.00
2025/10/21	24.22	24.97	24.22	24.97	1719043	42438028.00
2025/10/22	24.83	25.30	24.83	25.11	1765303	44408576.00
2025/10/23	25.12	25.90	24.92	25.83	3183384	81497024.00
2025/10/24	25.79	29.67	25.75	29.00	12884289	359191040.00
2025/10/27	25.81	28.29	25.81	27.80	10512025	290339456.00
2025/10/28	27.66	29.60	27.56	29.01	10105041	292459040.00
2025/10/29	29.02	33.00	28.79	30.52	12803477	394276896.00
2025/10/30	31.12	31.40	29.42	29.70	8502653	255849520.00
2025/10/31	29.89	30.60	29.50	30.10	6778899	204443136.00
2025/11/03	30.10	30.45	28.80	29.18	6484745	189370224.00
2025/11/04	28.97	29.60	28.63	29.22	4996114	145944128.00
2025/11/05	28.89	29.47	28.50	28.97	4440700	128854504.00
2025/11/06	29.10	29.11	28.08	28.58	4160865	118267048.00
2025/11/07	28.58	28.58	27.87	28.04	2922174	82129184.00
2025/11/10	28.21	29.70	28.21	29.39	7077400	206223360.00
2025/11/11	29.55	30.50	28.70	29.87	7008796	208345360.00
2025/11/12	29.60	30.40	29.11	29.28	5112603	151230608.00
2025/11/13	29.50	30.80	29.25	30.29	8082686	243999616.00
2025/11/14	30.41	30.63	29.80	29.82	5553490	167101360.00
2025/11/17	29.50	30.29	29.38	29.91	4095800	122600656.00
2025/11/18	29.78	32.48	29.67	32.12	11925773	375655648.00
2025/11/19	31.52	32.00	29.88	30.29	9537510	293507584.00
2025/11/20	30.03	30.38	29.05	29.13	6543086	192950064.00
2025/11/21	28.65	29.99	28.39	28.89	5935803	172277632.00
2025/11/24	29.50	29.87	28.51	29.67	4424048	129351184.00
2025/11/25	30.00	31.08	29.70	30.58	5349400	164151952.00
2025/11/26	30.58	31.03	29.77	29.99	3850643	116714312.00
2025/11/27	30.00	30.27	29.60	29.94	2959192	88704736.00
2025/11/28	30.00	30.05	29.24	29.52	2484100	73276048.00
2025/12/01	29.21	29.68	28.87	29.04	2529539	73960632.00
2025/12/02	28.82	29.36	28.40	28.62	2642300	75832016.00
2025/12/03	28.85	29.72	27.49	27.73	3558000	100437088.00
2025/12/04	27.50	27.70	26.46	26.60	3577603	95929840.00
2025/12/05	26.60	26.75	26.19	26.61	2598614	68933864.00
2025/12/08	26.42	27.09	26.42	26.92	2267229	61026788.00
2025/12/09	26.90	27.98	26.67	27.48	3626600	99369320.00
2025/12/10	27.42	27.65	26.89	26.98	2283857	61941896.00
2025/12/11	27.03	27.03	26.21	26.22	2725210	71976088.00
2025/12/12	26.30	26.39	25.65	25.92	2802700	72851800.00
2025/12/15	26.03	26.08	25.11	25.77	2419500	62232432.00
2025/12/16	25.98	25.98	25.14	25.19	1999884	50713204.00
2025/12/17	25.01	25.48	24.72	25.41	1959200	49088312.00
2025/12/18	25.26	26.08	25.20	25.93	1889400	48831632.00
2025/12/19	25.88	26.52	25.69	26.41	2152278	56430416.00
2025/12/22	26.45	26.75	26.19	26.25	2057800	54291824.00
2025/12/23	26.25	26.40	25.80	25.96	1268900	32972748.00
2025/12/24	25.95	26.24	25.80	25.98	1527100	39716576.00
2025/12/25	25.95	26.26	25.75	26.22	2040455	53063936.00
2025/12/26	26.22	26.55	25.91	26.17	1641100	43098968.00
2025/12/29	26.39	26.39	25.82	26.20	1372200	35753120.00
2025/12/30	26.20	26.35	25.70	25.72	1842700	47964400.00
2025/12/31	25.93	26.67	25.74	26.51	2940817	77406040.00
2026/01/05	26.42	27.80	26.31	27.62	5429534	148045136.00
2026/01/06	27.66	28.43	27.33	27.53	4725210	130970984.00
2026/01/07	27.77	28.17	27.44	27.45	4224210	117282816.00
2026/01/08	27.82	28.70	27.54	28.28	4962306	139599376.00
2026/01/09	28.10	29.60	27.92	29.55	6013728	174409584.00
2026/01/12	29.94	31.50	29.94	31.48	9364857	286997568.00
2026/01/13	30.92	31.33	30.17	30.48	8180815	252230816.00
2026/01/14	30.51	32.00	30.51	31.30	8139951	254333104.00
2026/01/15	30.60	31.31	29.99	30.53	5353400	162621744.00
2026/01/16	30.20	30.52	29.17	29.98	4413242	131462584.00
2026/01/19	29.69	30.38	29.60	29.69	3327000	99586560.00
2026/01/20	29.96	30.08	28.88	29.17	3007434	88626560.00
2026/01/21	28.96	29.33	28.64	29.19	2417300	70360448.00
2026/01/22	29.26	30.84	29.15	30.05	3357920	101047360.00
2026/01/23	30.06	30.56	29.76	30.20	2266700	68438400.00
2026/01/26	30.35	31.14	29.98	31.00	4937810	151100688.00
2026/01/27	31.01	37.20	30.81	36.21	22792512	798134848.00
2026/01/28	33.90	34.26	32.49	32.75	18650852	620131328.00
2026/01/29	32.52	34.40	32.10	33.00	14830036	496241216.00
2026/01/30	32.02	32.90	31.56	31.67	9158851	293261536.00
2026/02/02	31.50	32.09	30.71	30.76	5638641	177332880.00
2026/02/03	31.25	31.50	30.64	31.44	5162400	160690736.00
2026/02/04	31.15	31.34	30.12	30.58	5526323	168619120.00
2026/02/05	30.25	31.37	30.01	30.40	3819200	117413544.00
2026/02/06	30.12	30.55	29.60	30.13	3294666	99449640.00
2026/02/09	30.66	31.97	30.56	31.76	5659410	177355792.00
2026/02/10	31.97	33.25	31.41	32.70	7070131	230048736.00
2026/02/11	32.34	35.68	32.34	34.39	13297694	458763712.00
2026/02/12	34.50	35.10	33.69	34.47	9396548	322864768.00
2026/02/13	34.53	35.13	34.26	34.48	4999989	173147264.00
2026/02/24	34.49	34.86	33.20	34.10	4811385	162967456.00
2026/02/25	34.35	34.56	33.43	33.88	3496109	118661336.00
2026/02/26	33.89	34.05	33.33	33.57	2531700	84869904.00
2026/02/27	33.61	33.95	33.23	33.75	3031960	101703352.00
2026/03/02	32.70	34.00	31.84	32.07	4792200	155326096.00
2026/03/03	31.92	32.55	30.08	30.20	4212689	130268456.00
2026/03/04	30.00	33.15	29.57	32.40	7344154	229324848.00
2026/03/05	32.69	33.42	31.80	32.00	4488455	146239200.00
2026/03/06	31.67	32.20	31.34	31.50	2966457	93849024.00
2026/03/09	31.01	32.94	30.72	32.93	3959300	126526488.00
2026/03/10	34.00	34.46	33.18	33.42	4802428	161751776.00
2026/03/11	33.48	33.90	32.50	32.84	4881380	161562480.00
2026/03/12	32.83	32.93	31.87	31.98	2653000	85475592.00
2026/03/13	31.75	32.94	31.31	31.78	3706745	119388352.00
2026/03/16	31.78	32.10	31.22	31.70	1878395	59277480.00
2026/03/17	31.90	32.38	31.26	31.50	2785950	88599128.00
2026/03/18	31.88	32.38	31.56	32.11	2075011	66233120.00
2026/03/19	31.91	32.00	31.25	31.49	2293100	72284416.00
2026/03/20	31.72	32.38	30.81	30.98	2918305	92417912.00
2026/03/23	30.30	30.48	28.66	29.08	4632100	137263904.00
2026/03/24	29.87	29.87	28.66	29.57	2149861	62661288.00
2026/03/25	29.81	30.48	29.70	29.81	2440905	73512952.00
2026/03/26	30.07	30.19	28.82	29.16	2101811	61707652.00
2026/03/27	28.75	29.40	28.70	29.15	1475200	43038252.00
2026/03/30	28.88	29.28	28.67	29.20	1247041	36223792.00
2026/03/31	29.27	29.60	28.35	28.41	1479000	42809628.00
2026/04/01	29.27	29.44	28.78	29.05	1307400	37895308.00
2026/04/02	29.03	29.05	28.28	28.46	1405259	40181888.00
2026/04/03	28.56	29.02	28.10	28.14	1731700	49119612.00
2026/04/07	28.27	28.53	28.05	28.47	1237900	35072156.00
2026/04/08	29.54	30.02	29.05	29.96	1908000	56699160.00
2026/04/09	29.80	29.80	28.62	28.70	1817652	52680308.00
2026/04/10	28.92	30.24	28.92	29.68	2265461	67118552.00
2026/04/13	29.70	30.06	29.30	29.58	2012554	59651616.00
2026/04/14	29.98	31.78	29.66	31.78	4091989	126426760.00
2026/04/15	31.78	32.18	31.25	31.33	3071854	97010832.00
2026/04/16	31.60	34.10	31.32	33.43	5026756	164334944.00
2026/04/17	33.19	34.38	33.09	34.00	4867400	164508672.00
2026/04/20	33.91	35.27	33.01	35.10	4728773	161812896.00
2026/04/21	35.10	36.33	34.77	35.77	4351422	153950000.00
2026/04/22	35.55	36.25	35.30	35.39	2899100	103243088.00
2026/04/23	35.39	36.12	34.72	35.65	3125700	110539656.00
2026/04/24	35.78	36.49	35.13	35.20	2951811	104707960.00
2026/04/27	35.43	36.04	34.83	35.45	2377670	84605976.00
2026/04/28	35.07	35.99	34.99	35.85	2400200	85571376.00
2026/04/29	35.50	36.10	34.25	35.79	2813400	99300536.00
2026/04/30	35.74	36.40	35.54	35.65	1787001	64041960.00
2026/05/06	35.65	36.50	35.60	35.83	2621629	94607304.00
2026/05/07	35.72	36.25	34.19	36.00	4302200	150174544.00
2026/05/08	35.99	37.20	35.65	36.24	2768920	100952816.00
2026/05/11	36.50	38.61	36.31	37.93	4587200	172111696.00
2026/05/12	37.96	39.40	37.21	39.08	5775419	222665200.00
2026/05/13	38.90	39.24	37.52	38.92	4291900	165590192.00
2026/05/14	39.04	39.83	37.56	37.56	3244037	125321824.00
2026/05/15	37.60	39.76	37.33	38.35	3779376	145828512.00
2026/05/18	40.89	46.02	40.10	46.02	14672006	639198656.00
2026/05/19	47.53	54.00	45.50	50.94	23321932	1132770432.00
2026/05/20	48.82	52.00	47.36	49.46	17601672	874634304.00
2026/05/21	48.88	50.70	46.50	47.11	15908660	766577856.00
2026/05/22	46.90	49.90	45.61	47.65	17302130	825812992.00
2026/05/25	47.02	51.85	47.02	51.70	20180152	1012553472.00
2026/05/26	49.00	53.70	47.00	50.70	17462736	881458112.00
2026/05/27	50.00	51.15	47.70	48.60	12081832	589741120.00
2026/05/28	48.38	56.00	47.96	53.23	16966708	888402048.00
2026/05/29	53.23	53.70	46.87	47.30	15008581	741552768.00
2026/06/01	47.23	50.30	46.33	47.80	10451003	501162528.00
2026/06/02	46.07	46.98	43.63	44.06	13019929	582829248.00
2026/06/03	43.80	46.19	42.66	44.40	9336217	418439136.00
2026/06/04	43.77	45.01	43.28	44.36	6235795	275562432.00
2026/06/05	48.38	51.01	44.36	49.17	19157744	904934976.00
2026/06/08	49.05	59.00	49.05	59.00	28965284	1665368192.00
2026/06/09	61.00	66.32	57.26	64.63	37757336	2326263296.00
2026/06/10	63.00	70.50	62.10	69.51	32451414	2182798848.00
2026/06/11	63.50	64.58	55.61	55.61	27905696	1633345664.00
2026/06/12	55.00	65.73	53.50	59.30	32969054	1974285184.00
#数据来源:通达信
